-2.444311215442554808e+00 -1.486041916471045443e+00
-2.231520105382263974e+00 1.107983044263928019e+00
-4.683937648827116718e-01 1.249843784304121908e+00
1.203536385591001512e+00 1.553831084390251416e+00
-1.086501275057842442e+00 2.323932244608446940e+00
2.257359025889584814e+00 2.759647374731899472e+00
2.368821035921165219e+00 1.087717224258186288e+00
2.520814685964229973e+00 -1.050326786347592911e+00
8.891628527519213065e-02 -3.410230861466234664e-01
-1.431020215155456299e+00 3.176160640399907642e-01
-1.542482225187036704e+00 -4.828838261868173554e-01
1.902453853039025589e-01 -1.354314086433722863e+00
2.085099555840777441e+00 -1.759630486548562356e+00
2.115498285849390925e+00 -2.398003816729434412e+00
7.576883454646781146e-01 -2.580396196781112650e+00
-9.750392650262611483e-01 -2.448668366743789626e+00
-2.565906135477006966e+00 -2.418269636735176586e+00
-1.370222755138230220e+00 -1.759630486548562356e+00
4.838464526370866992e-02 -2.205478526674885753e+00
