1.173137655582388916e+00 1.290375424315605368e+00
-1.258760745106648926e+00 1.857818384476380924e+00
-9.041088950061642038e-01 1.453565939911842797e-01
8.083528954790324406e-01 -6.044787462212695139e-01
2.733605796024520806e+00 -2.295610761150426171e-01
2.095232465843648306e+00 3.581477040514742249e-01
4.030364953641933923e-01 7.533311941634432962e-01
-1.876868255281779696e+00 1.656224139969260101e-01
-2.190988465370780069e+00 -1.212453346393528975e+00
-1.106767095063584172e+00 -1.921757046594498197e+00
5.955617854187424953e-01 -2.458801276746660491e+00
2.490415955955617378e+00 -2.094016516643304904e+00
2.530947595967101726e+00 -1.100991336361948125e+00
2.348555215915423489e+00 1.898350024487865273e+00
1.446726225659904941e+00 2.445527164642898210e+00
-1.897134075287521426e+00 2.759647374731899472e+00
-2.626703595494232601e+00 9.053248442065080503e-01
-2.494975765456910022e+00 -2.489200006755273531e+00
-1.876868255281779696e+00 -2.438535456740918761e+00
7.982199854761615754e-01 -1.698833026531336277e+00
2.297890665901068274e+00 -2.884383496867242158e+00
8.995490855048720036e-01 1.453565939911842797e-01
